9 16
43 25
46 32
11 28
12 16
30 21
50 26
41 46
18 37
14 2
40 39
32 10
49 37
35 9
7 31
13 19
25 48
38 50
35 44
17 21
28 25
32 23
14 10
31 48
31 36
48 43
11 0
39 49
34 32
33 29
16 14
6 38
22 9
33 11
15 25
3 5
18 4
14 47
50 2
16 47
38 33
34 20
6 39
18 34
29 14
14 14
25 27
37 2
44 33
8 44
18 3
26 30
40 42
21 17
23 21
48 29
34 41
49 20
28 48
36 25
50 20
47 19
0 33
39 1
18 20
34 40
33 36
20 6
8 0
42 18
19 28
24 29
21 26
42 19
1 26
28 14
30 42
6 13
29 31
21 15
39 36
12 33
21 20
11 8
43 21
23 3
8 8
7 23
6 13
35 2
21 26
47 37
31 37
38 18
31 34
39 14
5 43
13 35
49 27
27 0
0 31
0 33
41 3
37 45
27 2
26 33
1 15
38 47
49 8
33 22
3 16
49 5
34 43
20 30
45 27
14 33
39 48
38 12
19 27
43 22
18 27
19 31
20 32
8 9
10 10
47 31
41 25
35 9
31 26
11 40
20 35
44 48
13 38
13 50
43 42
0 1
21 0
35 11
25 37
7 15
14 25
7 44
14 46
10 35
14 40
0 9
28 22
50 48
21 1
29 37
0 37
2 8
18 50
2 46
46 23
4 46
20 35
22 44
43 21
25 35
5 35
30 17
17 12
21 36
22 38
30 48
21 13
3 8
13 12
8 22
14 41
39 35
1 40
7 38
12 48
47 26
32 27
40 11
11 16
34 41
44 31
33 19
26 20
35 3
15 38
40 16
11 0
14 24
27 14
11 42
49 40
5 3
7 46
19 21
23 23
10 28
16 36
13 49
9 33
17 42
20 43
34 19
38 11
26 17
11 18
39 29
3 15
15 23
14 36
17 1
15 40
6 29
45 37
24 27
36 16
10 18
15 46
25 4
17 35
32 39
26 43
46 31
6 45
44 24
23 16
43 42
8 10
23 1
29 25
40 12
37 16
39 19
0 44
45 19
13 48
30 27
29 7
12 1
45 21
28 41
34 43
47 23
23 50
50 8
19 47
0 37
29 32
3 19
35 39
5 46
23 35
46 17
26 30
38 26
12 36
8 16
45 2
33 47
23 3
21 8
30 1
37 12
2 45
7 44
31 20
5 36
26 30
18 11
33 6
0 17
7 4
9 6
46 23
9 23
47 15
49 10
41 17
43 40
45 3
50 22
28 35
37 31
33 35
46 47
3 11
18 41
43 26
19 3
0 13
13 25
15 7
9 16
23 48
8 40
2 40
32 50
28 7
48 1
34 19
7 17
9 34
1 6
43 42
11 4
49 28
29 24
43 48
7 26
40 11
32 11
33 30
4 28
13 21
25 29
23 48
48 42
0 20
28 31
0 7
42 24
12 40
34 36
43 21
10 46
23 16
34 18
27 39
2 12
18 34
12 26
27 30
35 33
44 25
6 33
37 34
14 3
13 26
22 1
38 19
46 18
35 25
7 31
15 13
0 25
28 31
10 5
45 28
46 36
18 22
18 22
26 20
16 47
45 30
17 42
48 32
23 39
11 28
31 49
32 17
37 41
19 35
50 28
4 44
44 41
45 17
32 47
43 7
45 6
1 28
12 21
3 28
44 11
26 8
24 42
15 31
3 48
36 39
28 39
48 49
33 47
42 6
45 25
41 7
7 12
45 17
7 35
2 49
50 25
17 12
6 36
17 30
7 49
20 47
41 37
2 50
36 40
23 40
47 0
38 0
24 15
45 11
20 12
1 50
25 8
35 8
14 33
24 4
36 17
21 22
3 35
19 26
37 2
27 32
47 26
15 28
47 31
10 40
46 36
39 25
4 27
47 13
48 13
29 37
30 45
0 13
38 35
2 40
44 38
38 23
5 18
19 27
39 40
12 32
43 18
1 20
46 21
4 30
21 11
34 29
27 2
46 6
27 6
36 6
45 32
39 40
30 12
23 7
10 34
31 20
20 32
13 14
36 47
34 30
50 4
38 48
48 49
14 21
13 32
42 47
16 33
0 21
24 45
11 18
25 19
22 29
19 41
21 28
32 48
45 29
23 25
36 30
37 27
47 17
48 7
47 3
40 9
49 2
0 18
0 41
38 0
27 6
6 4
36 44
43 31
44 48
15 30
14 10
39 11
24 38
30 39
26 30
19 1
21 16
32 2
46 43
14 44
38 11
5 43
8 15
38 21
1 17
29 6
48 12
17 18
42 46
28 22
33 47
43 4
3 18
24 20
1 16
39 49
19 12
41 50
7 12
29 39
42 46
49 49
49 21
17 37
23 48
0 50
19 16
21 26
42 46
35 43
42 29
45 34
0 27
41 11
16 24
28 41
17 10
28 18
23 48
25 13
16 0
23 27
42 45
32 18
49 38
34 5
43 1
6 0
42 5
46 3
46 41
28 6
48 41
8 27
3 48
31 31
46 45
43 21
26 5
3 50
24 7
21 49
27 33
26 28
41 12
31 23
28 10
11 35
40 1
36 43
37 40
12 21
47 32
44 1
47 3
16 46
48 40
45 33
13 50
8 50
4 8
1 38
8 0
50 22
2 45
45 0
21 23
49 23
10 14
8 40
29 19
38 29
40 1
18 35
12 39
25 27
9 10
23 21
50 45
50 25
46 9
35 2
13 49
47 45
15 33
0 17
43 48
22 21
23 21
34 18
4 36
26 5
29 49
50 30
23 13
32 23
0 7
34 21
45 14
37 13
18 48
40 32
46 10
34 23
50 16
34 31
1 34
1 32
31 31
24 9
20 2
39 32
26 7
9 10
37 14
6 15
1 33
28 33
24 14
18 28
7 12
22 33
47 10
41 3
30 35
13 29
44 17
45 49
31 29
16 43
30 22
35 29
22 23
26 9
37 20
4 47
19 19
5 12
12 33
49 26
40 14
0 14
26 17
20 4
23 26
40 12
49 32
33 13
32 29
34 24
9 50
33 17
19 41
37 32
21 41
36 27
16 8
34 21
49 24
37 21
30 38
42 28
25 43
23 21
12 50
12 35
18 33
46 5
19 2
38 27
23 2
26 30
35 38
39 42
48 48
36 36
25 50
9 30
6 20
34 21
14 41
6 45
21 44
42 41
22 37
14 35
19 28
31 24
18 34
23 24
16 1
1 29
12 0
36 20
0 36
13 46
3 41
1 50
9 16
17 18
49 8
1 15
28 42
35 18
17 1
31 27
20 47
26 36
16 11
34 13
19 3
32 38
29 22
30 18
8 6
39 0
36 12
34 32
3 45
15 11
43 0
8 7
48 4
21 11
9 30
39 16
26 17
44 42
3 15
3 29
43 37
27 28
16 36
37 45
46 43
1 24
18 40
37 41
10 22
9 23
29 38
14 46
6 19
19 42
33 27
49 11
40 42
8 46
1 1
38 47
49 30
6 48
41 15
1 29
4 27
22 24
16 20
47 40
40 43
37 28
41 20
10 45
37 6
28 24
20 11
22 7
28 5
0 24
30 2
36 19
5 7
34 22
20 22
14 50
1 31
6 42
1 13
43 43
42 40
45 20
43 12
8 11
1 39
35 16
6 0
17 14
39 20
33 7
24 41
46 40
17 42
0 29
35 15
48 31
30 27
0 46
40 24
10 1
34 11
15 9
40 40
8 3
40 45
49 34
42 47
35 29
14 4
23 38
17 1
30 42
50 16
0 26
19 27
25 29
38 14
47 36
35 29
45 0
29 14
12 4
20 1
28 8
5 29
1 9
3 1
33 43
45 33
26 27
9 35
5 37
0 23
20 21
24 18
49 38
47 49
31 38
10 12
49 47
14 45
40 13
38 30
14 25
27 29
40 4
3 34
43 21
20 46
13 29
34 12
28 17
25 26
34 45
23 28
11 38
28 47
35 42
42 9
13 48
10 20
29 3
11 48
25 50
7 29
2 22
14 14
23 14
21 8
17 34
25 25
3 35
21 8
45 23
3 18
35 14
39 10
43 40
15 6
11 41
43 14
21 20
40 41
4 3
20 24
32 50
48 32
14 35
36 37
45 9
4 42
21 17
2 37
35 21
37 36
3 28
0 29
50 12
15 11
16 16
37 35
32 44
5 31
29 19
4 3
31 30
18 16
42 4
25 21
42 28
11 19
34 36
10 18
27 3
42 38
48 3
31 14
0 12
39 2
7 45
19 10
25 2
20 27
20 36
7 16
47 2
15 38
7 9
36 16
32 18
1 18
44 46
35 11
43 41
24 41
34 32
0 37
25 35
40 16
34 46
35 32
35 39
50 23
44 36
13 25
43 37
26 24
21 5
43 5
40 48
5 38
2 8
32 48
9 39
20 31
36 42
24 8
36 27
28 42
1 43
21 35
14 46
5 3
9 45
26 12
6 10
41 44
49 37
16 1
33 49
7 29
36 19
40 49
50 17
31 12
40 31
20 41
34 17
1 28
2 12
13 43
19 10
44 29
5 24
12 40
7 1
